2022pgf         15 11 41.90 +59 49 12.29  2000.0 mag = 15.28 1
2022oqm         15 09 08.21 +52 32 05.17  2000.0 mag = 17.62 1
gaiap3e         18 31 43.61 -01 18 59.41  2000.0 mag = 15.86 1
gaiap3d         19 02 44.90 +13 03 49.20  2000.0 mag = 17.11 1
2022ngb         18 56 51.48 +36 37 07.82  2000.0 mag = 18.61 1
2022prr         19 01 41.90 +40 45 03.67  2000.0 mag = 16.29 1
2022osg         20 29 49.03 -02 01 41.16  2000.0 mag = 17.07 1
2022pje         21 24 12.06 +08 56 13.99  2000.0 mag = 19.40 1
2022qdl         21 33 06.12 +09 43 26.55  2000.0 mag = 19.26 1
2021qqp         22 32 40.41 +25 34 34.78  2000.0 mag = 20.12 1
2022mxv         23 51 05.13 +20 09 08.93  2000.0 mag = 16.70 1
2022ovq         02 01 59.93 +21 06 23.44  2000.0 mag = 17.35 1
2022rge         02 20 22.86 -06 33 42.97  2000.0 mag = 19.01 1
2022rdo         00 25 26.99 +26 51 05.51  2000.0 mag = 19.06 1
2022jli         00 34 45.69 -08 23 12.16  2000.0 mag = 14.97 1
